[hyperparameters]
alpha_1 = -4.509282643557759
alpha_dip = -1.6797692040029513
alpha_2 = -0.9020346791414204
NSmin = 1.1763665089045245
NSmax = 4.094744137742966
BHmin = 7.7639549426962375
BHmax = 152.05597923492775
UPPERmin = 38.277415427531
UPPERmax = 66.57670527299628
n0 = 50.0
n1 = 50.0
n2 = 50.0
n3 = 30.0
n4 = 30.0
n5 = 10.041072204811995
mix1 = 735.473275543081
mu1 = 37.811196396328114
sig1 = 17.12643064109277
mix2 = 211.73332682799375
mu2 = 8.897742041719734
sig2 = 1.044692632025516
A = 0.091462424745936
A2 = 0.8281652204882891
beta_pair_1 = 0.9641379639323953
beta_pair_2 = 2.160035650137072
mbreak = 5.0
