name = 'CE40hAL'
minimum_frequency = 5.0
maximum_frequency = 4096.0
length = 40.0
latitude = 46.00000000
longitude = -125.00000000
elevation = 0.0
xarm_azimuth = 260.00000000
yarm_azimuth = 350.00000000
xarm_tilt = 0.00000000
yarm_tilt = 0.00000000
power_spectral_density_file = '../psds/CE40km_1p5MW_aLIGO_coat_strain.txt'
