name = 'ETMRL45d'
minimum_frequency = 1.0
maximum_frequency = 4096.0
length = 15.0
latitude = 50.72305556
longitude = 5.92055556
elevation = 0.0
xarm_azimuth = 45.00000000
yarm_azimuth = 135.00000000
xarm_tilt = 0.00000000
yarm_tilt = 0.00000000
power_spectral_density_file = '../psds/ET_cryo_15km_asd.txt'
