name = 'LHA+'
minimum_frequency = 5.0
maximum_frequency = 4096.0
length = 4.0
latitude = 46.45500000
longitude = -119.40800000
elevation = 0.0
xarm_azimuth = 125.99924235
yarm_azimuth = 215.99924235
xarm_tilt = 0.00000000
yarm_tilt = 0.00000000
power_spectral_density_file = '../psds/AplusDesign.txt'
